Year,Missing,True,False
1387,98.79,1.15,0.06
1388,98.51,1.41,0.09
1389,98.77,1.16,0.07
1390,98.8,1.13,0.07
1391,98.84,1.09,0.07
1392,98.61,1.33,0.06
1393,98.67,1.26,0.07
1394,98.71,1.21,0.08
1395,98.74,1.2,0.06
1396,98.86,1.09,0.05
1397,98.9,1.05,0.06
1398,98.89,1.07,0.05
1399,98.98,0.97,0.05
1400,98.93,1.02,0.05
1401,98.93,1.03,0.04
