Year,Missing,True,False
1384,96.31,3.36,0.33
1385,96.4,3.35,0.25
1386,96.62,3.11,0.26
1387,96.75,2.92,0.33
1388,96.61,2.97,0.42
1389,96.46,3.2,0.34
1390,96.55,3.15,0.3
1391,96.62,3.05,0.33
1392,97.0,2.71,0.29
1393,96.9,2.87,0.23
1394,96.63,3.12,0.25
1395,96.25,3.5,0.25
1396,96.31,3.45,0.24
1397,96.34,3.4,0.26
1398,96.69,3.06,0.25
1399,97.01,2.79,0.21
1400,97.2,2.62,0.19
1401,97.33,2.48,0.19
