Year,Missing,False,True
1384,96.31,2.83,0.86
1385,96.4,2.55,1.04
1386,96.63,2.25,1.13
1387,96.75,2.29,0.96
1388,96.61,2.44,0.95
1389,96.46,2.51,1.04
1390,96.55,2.4,1.05
1391,96.62,2.33,1.06
1392,97.0,2.06,0.94
1393,96.9,2.09,1.01
1394,96.63,2.3,1.07
1395,96.25,2.54,1.21
1396,96.31,2.43,1.26
1397,96.34,2.45,1.21
1398,96.69,2.24,1.07
1399,97.01,2.04,0.95
1400,97.2,1.86,0.94
1401,97.33,1.77,0.9
