Year,Missing,False,True
1384,69.69,21.8,8.52
1385,70.09,21.35,8.56
1386,70.22,21.17,8.61
1387,71.31,20.03,8.66
1388,71.03,21.02,7.94
1389,71.93,20.28,7.79
1390,72.39,19.25,8.36
1391,72.1,19.32,8.58
1392,71.86,18.23,9.91
1393,72.42,17.48,10.1
1394,71.93,17.85,10.22
1395,71.66,18.05,10.29
1396,70.99,18.67,10.34
1397,70.72,18.91,10.37
1398,70.55,19.23,10.22
1399,72.08,17.8,10.12
1400,72.27,17.16,10.57
1401,72.21,17.07,10.72
