Year,Missing,False,True
1384,69.68,23.5,6.81
1385,70.09,24.32,5.59
1386,70.22,24.61,5.17
1387,71.31,23.51,5.18
1388,71.03,22.3,6.67
1389,71.93,21.37,6.7
1390,72.39,22.24,5.38
1391,72.1,22.62,5.29
1392,71.83,22.94,5.23
1393,72.38,22.49,5.13
1394,71.89,22.78,5.32
1395,71.64,22.58,5.78
1396,70.97,23.26,5.77
1397,70.7,23.19,6.11
1398,70.53,23.61,5.86
1399,72.06,21.89,6.04
1400,72.25,22.39,5.35
1401,72.2,22.81,4.99
