Year,False,Missing,True
1384,54.26,43.78,1.96
1385,55.11,43.34,1.55
1386,55.44,43.11,1.45
1387,57.0,41.77,1.23
1388,55.4,43.17,1.43
1389,56.64,41.94,1.42
1390,57.45,41.05,1.5
1391,57.45,41.23,1.32
1392,55.03,43.52,1.45
1393,55.71,43.04,1.25
1394,55.11,43.73,1.16
1395,54.93,43.48,1.59
1396,54.21,44.42,1.37
1397,53.09,45.51,1.4
1398,53.43,45.5,1.07
1399,55.51,43.01,1.48
1400,56.3,42.51,1.19
1401,56.81,42.22,0.97
