Year,Missing,False,True
1384,96.31,3.51,0.17
1385,96.41,3.4,0.2
1386,96.63,3.18,0.19
1387,96.75,3.07,0.18
1388,96.61,3.12,0.27
1389,96.46,3.35,0.19
1390,96.55,3.24,0.21
1391,96.62,3.21,0.17
1392,97.0,2.86,0.14
1393,96.9,2.96,0.14
1394,96.63,3.22,0.16
1395,96.25,3.59,0.16
1396,96.31,3.54,0.15
1397,96.34,3.49,0.17
1398,96.69,3.16,0.15
1399,97.01,2.87,0.13
1400,97.2,2.68,0.12
1401,97.33,2.53,0.14
