Year,Missing,False,True
1384,96.31,3.55,0.14
1385,96.41,3.46,0.14
1386,96.63,3.23,0.15
1387,96.75,3.1,0.16
1388,96.61,3.13,0.26
1389,96.46,3.41,0.13
1390,96.55,3.31,0.14
1391,96.62,3.24,0.14
1392,97.0,2.85,0.15
1393,96.9,2.99,0.11
1394,96.63,3.21,0.16
1395,96.25,3.57,0.18
1396,96.31,3.49,0.2
1397,96.33,3.41,0.26
1398,96.67,3.05,0.28
1399,97.01,2.76,0.23
1400,97.2,2.6,0.21
1401,97.33,2.45,0.22
