Year,Missing,False,True
1384,96.31,2.91,0.77
1385,96.4,2.8,0.8
1386,96.63,2.64,0.73
1387,96.75,2.64,0.61
1388,96.61,2.79,0.61
1389,96.46,2.95,0.6
1390,96.55,2.83,0.62
1391,96.62,2.82,0.56
1392,97.0,2.42,0.58
1393,96.9,2.52,0.58
1394,96.63,2.74,0.63
1395,96.25,3.07,0.67
1396,96.31,3.02,0.67
1397,96.34,2.95,0.71
1398,96.69,2.67,0.64
1399,97.01,2.44,0.55
1400,97.2,2.3,0.5
1401,97.33,2.08,0.59
