Year,Missing,True,False
1384,45.74,11.93,42.33
1385,44.89,12.31,42.81
1386,44.56,12.48,42.96
1387,96.68,1.84,1.48
1388,96.56,2.08,1.35
1389,96.39,2.1,1.51
1390,96.51,1.98,1.51
1391,96.58,1.95,1.48
1392,96.95,1.57,1.48
1393,96.83,1.66,1.5
1394,96.6,1.84,1.56
1395,96.24,2.11,1.65
1396,96.31,2.1,1.59
1397,96.31,2.17,1.52
1398,96.65,1.92,1.43
1399,96.96,1.84,1.19
1400,97.17,1.62,1.2
1401,97.31,1.52,1.17
