Year,True,False,Missing
1384,75.83,15.49,8.69
1385,75.88,15.63,8.49
1386,76.03,15.57,8.4
1387,75.75,16.17,8.08
1388,73.16,17.62,9.21
1389,73.39,17.46,9.14
1390,74.28,17.19,8.53
1391,74.41,17.39,8.2
1392,74.59,15.34,10.06
1393,74.66,15.46,9.89
1394,75.2,14.95,9.85
1395,75.36,14.81,9.83
1396,75.7,14.51,9.8
1397,76.14,13.27,10.59
1398,76.82,13.15,10.02
1399,77.8,12.89,9.31
1400,79.03,12.44,8.53
1401,79.72,12.38,7.9
