Year,Missing,False,True
1384,96.31,2.16,1.52
1385,96.4,1.98,1.62
1386,96.63,1.86,1.52
1387,96.75,1.97,1.28
1388,96.61,2.07,1.32
1389,96.46,2.13,1.41
1390,96.55,1.99,1.46
1391,96.62,2.18,1.2
1392,97.0,2.13,0.87
1393,96.9,2.04,1.06
1394,96.63,2.14,1.23
1395,96.25,2.25,1.5
1396,96.31,2.18,1.51
1397,96.34,2.05,1.61
1398,96.69,1.83,1.48
1399,97.01,1.57,1.43
1400,97.2,1.54,1.26
1401,97.33,1.51,1.15
