Year,False,True,Missing
1384,63.71,27.6,8.69
1385,64.56,26.96,8.49
1386,64.98,26.63,8.4
1387,65.61,26.31,8.08
1388,65.59,25.2,9.21
1389,66.03,24.83,9.14
1390,66.6,24.86,8.53
1391,67.16,24.64,8.2
1392,66.68,23.26,10.06
1393,66.97,23.15,9.89
1394,67.41,22.74,9.85
1395,67.76,22.41,9.83
1396,68.07,22.13,9.8
1397,67.72,21.69,10.59
1398,68.03,21.94,10.02
1399,68.03,22.66,9.31
1400,68.04,23.43,8.53
1401,68.55,23.55,7.9
