Year,,Paid_employment,Self_employment
1384,95.52,3.1,1.38
1385,95.77,3.02,1.21
1386,96.49,2.55,0.96
1387,96.68,2.4,0.92
1388,96.56,2.5,0.94
1389,96.39,2.7,0.92
1390,96.51,2.64,0.85
1391,96.58,2.62,0.8
1392,96.97,2.19,0.85
1393,96.85,2.36,0.79
1394,96.63,2.57,0.79
1395,96.27,2.88,0.85
1396,96.33,2.88,0.78
1397,96.35,2.86,0.79
1398,96.69,2.63,0.68
1399,96.99,2.42,0.6
1400,97.2,2.33,0.47
1401,97.33,2.19,0.48
