Year,Missing,False,True
1384,95.43,4.5,0.07
1385,95.89,4.03,0.07
1386,96.46,3.48,0.06
1387,98.17,1.77,0.05
1388,97.95,1.99,0.06
1389,97.92,2.01,0.06
1390,98.03,1.91,0.06
1391,98.07,1.87,0.06
1392,98.42,1.53,0.05
1393,98.31,1.64,0.05
1394,98.13,1.82,0.05
1395,97.86,2.08,0.06
1396,97.89,2.05,0.07
1397,97.8,2.12,0.08
1398,98.05,1.88,0.07
1399,98.12,1.82,0.06
1400,98.34,1.61,0.05
1401,98.45,1.51,0.04
