Year,Missing,False,True
1384,69.68,27.48,2.83
1385,70.09,28.38,1.53
1386,70.22,28.56,1.22
1387,71.37,27.6,1.02
1388,71.08,27.54,1.38
1389,72.05,26.76,1.19
1390,72.46,26.54,0.99
1391,72.14,26.92,0.93
1392,71.87,27.32,0.82
1393,72.38,26.75,0.87
1394,71.89,27.06,1.05
1395,71.64,27.25,1.11
1396,70.97,27.7,1.32
1397,70.7,27.84,1.47
1398,70.55,27.94,1.51
1399,72.1,26.61,1.29
1400,72.28,26.45,1.26
1401,72.24,26.6,1.16
