Year,One_Year_and_More,Less_than_One_Year,
1384,92.06,6.47,1.47
1385,92.58,6.12,1.3
1386,92.73,6.06,1.21
1387,93.15,5.75,1.11
1388,93.86,4.74,1.4
1389,94.0,4.76,1.25
1390,94.27,4.53,1.2
1391,93.93,4.94,1.13
1392,93.4,4.97,1.63
1393,93.78,4.79,1.43
1394,94.56,4.11,1.33
1395,94.61,4.1,1.29
1396,94.21,4.49,1.3
1397,94.11,4.5,1.4
1398,94.35,4.47,1.18
1399,96.6,2.45,0.95
1400,97.08,2.08,0.84
1401,96.61,2.56,0.83
