Year,Missing,True,False
1387,96.5,3.32,0.18
1388,96.37,3.44,0.19
1389,96.2,3.61,0.19
1390,96.32,3.49,0.19
1391,96.42,3.42,0.16
1392,96.82,3.05,0.13
1393,96.71,3.17,0.12
1394,96.48,3.4,0.12
1395,96.11,3.76,0.14
1396,96.19,3.69,0.11
1397,96.21,3.69,0.1
1398,96.58,3.35,0.07
1399,96.9,3.04,0.07
1400,97.11,2.83,0.07
1401,97.25,2.69,0.06
