Year,Iranian,Afghan,Others,
1384,98.72,1.17,0.1,0.0
1385,98.72,1.19,0.09,
1386,98.85,1.04,0.11,0.0
1387,98.77,1.14,0.09,
1388,98.61,1.3,0.09,0.0
1389,98.79,1.11,0.1,
1390,98.75,1.14,0.1,
1391,98.67,1.25,0.09,
1392,98.65,1.28,0.07,
1393,98.64,1.3,0.07,
1394,98.58,1.35,0.07,0.0
1395,98.56,1.35,0.08,
1396,98.41,1.5,0.09,
1397,98.34,1.57,0.09,
1398,98.31,1.58,0.11,
1399,98.34,1.55,0.12,
1400,98.32,1.57,0.11,
1401,98.08,1.8,0.12,
