Year,False,Missing,True
1387,58.23,41.6,0.17
1388,56.83,43.03,0.14
1389,58.06,41.78,0.16
1390,58.95,40.92,0.13
1391,58.77,41.09,0.14
1392,56.48,43.38,0.14
1393,56.96,42.88,0.16
1394,56.27,43.55,0.18
1395,56.52,43.27,0.2
1396,55.58,44.19,0.23
1397,54.49,45.28,0.23
1398,54.5,45.3,0.2
1399,56.99,42.84,0.17
1400,57.49,42.31,0.2
1401,57.78,42.0,0.22
