Year,Missing,False,True
1384,96.31,2.53,1.16
1385,96.4,2.43,1.16
1386,96.63,2.25,1.12
1387,96.75,2.26,0.99
1388,96.61,2.53,0.86
1389,96.46,2.68,0.87
1390,96.55,2.7,0.75
1391,96.62,2.61,0.77
1392,97.0,2.25,0.75
1393,96.9,2.35,0.75
1394,96.63,2.57,0.8
1395,96.25,2.84,0.9
1396,96.31,2.79,0.9
1397,96.34,2.78,0.88
1398,96.69,2.52,0.79
1399,97.01,2.29,0.7
1400,97.2,2.1,0.7
1401,97.33,1.96,0.7
