Year,False,Missing,True
1387,61.3,38.22,0.49
1388,60.82,38.77,0.41
1389,61.65,37.94,0.41
1390,61.94,37.7,0.37
1391,61.8,37.77,0.43
1392,58.69,40.91,0.4
1393,59.11,40.48,0.41
1394,58.67,40.82,0.51
1395,59.05,40.34,0.62
1396,58.3,41.05,0.66
1397,57.22,42.03,0.74
1398,57.22,42.04,0.73
1399,59.34,39.95,0.71
1400,59.59,39.81,0.6
1401,59.66,39.76,0.57
