Year,Missing,False,True
1384,69.68,27.97,2.35
1385,70.09,28.14,1.77
1386,70.22,27.98,1.8
1387,71.31,26.77,1.93
1388,71.03,26.7,2.27
1389,71.93,25.87,2.2
1390,72.39,25.69,1.93
1391,72.1,25.97,1.94
1392,71.83,26.07,2.1
1393,72.38,25.61,2.01
1394,71.9,25.99,2.12
1395,71.64,25.99,2.38
1396,70.97,26.67,2.35
1397,70.7,26.74,2.56
1398,70.53,27.07,2.4
1399,72.07,25.81,2.12
1400,72.26,25.77,1.97
1401,72.2,25.88,1.92
