Year,Missing,True,False
1384,93.19,6.29,0.52
1385,94.41,5.25,0.34
1386,94.83,4.87,0.3
1387,94.82,4.87,0.32
1388,93.33,6.15,0.52
1389,93.3,6.19,0.51
1390,94.62,5.06,0.32
1391,94.71,4.88,0.41
1392,94.77,4.9,0.32
1393,94.87,4.83,0.3
1394,94.68,5.04,0.28
1395,94.22,5.45,0.33
1396,94.23,5.45,0.32
1397,93.89,5.84,0.28
1398,94.14,5.58,0.27
1399,93.96,5.79,0.25
1400,94.65,5.13,0.22
1401,95.01,4.79,0.2
