Year,False,Missing,True
1384,50.57,45.74,3.69
1385,51.52,44.89,3.6
1386,52.07,44.56,3.38
1387,53.75,43.0,3.25
1388,52.01,44.6,3.39
1389,53.1,43.36,3.54
1390,54.0,42.55,3.45
1391,54.07,42.55,3.38
1392,52.03,44.97,3.0
1393,52.61,44.29,3.1
1394,51.74,44.89,3.37
1395,51.18,45.07,3.75
1396,50.52,45.79,3.69
1397,49.41,46.91,3.67
1398,50.1,46.57,3.33
1399,52.52,44.49,2.99
1400,53.5,43.7,2.8
1401,54.14,43.19,2.67
